3 0 0 0 0
4 0 0 0 0
5 0 0 0 0
6 0 0 0 0
7 0 0 0 0
8 0 0 0 0
9 0 0 0 0
10 0 0 0 0
11 0 0 0 0
12 0 0 0 0
13 0 0 0 0
14 0 0 0 0
15 0 0 0 0
16 0 0 0 0
17 0 0 0 0
18 0 0 0 0
19 0 0 0 0
20 0 0 0 0
21 0 0 0 0
22 0 0 0 0
23 0 0 0 0
24 0 0 0 0
25 0 0 0 0
26 0 0 0 0
27 0 0 0 0
28 0 0 0 0
29 0 0 0 0
30 0 0 0 0
31 0 0 0 0
32 0 0 0 0
33 0 0 0 0
34 0 0 0 0
35 0 0 0 0
36 0 0 0 0
37 0 0 0 0
38 0 0 0 0
39 0 0 0 0
40 0 0 0 0
41 0 0 0 0
42 0 0 0 0
43 0 0 0 0
44 0 0 0 0
45 0 0 0 0
46 0 0 0 0
47 0 0 0 0
48 0 0 0 0
49 0 0 0 0
50 0 0 0 0
51 0 0 0 0
52 0 0 0 0
53 0 0 0 0
54 0 0 0 0
55 0 0 0 0
56 0 0 0 0
57 0 0 0 0
58 0 0 0 0
59 0 0 0 0
60 0 0 0 0
61 0 0 0 0
62 0 0 0 0
63 0 0 0 0
64 0 0 0 0
65 0 0 0 0
66 0 0 0 0
67 0 0 0 0
68 0 0 0 0
69 0 0 0 0
70 0 0 0 0
71 0 0 0 0
72 0 0 0 0
73 0 0 0 0
74 0 0 0 0
75 0 0 0 0
76 0 0 0 0
77 0 0 0 0
78 0 0 0 0
79 0 0 0 0
80 0 0 0 0
81 0 0 0 0
82 0 0 0 0
83 0 0 0 0
84 1 0 2 0
85 1 0 2 0
86 1 0 2 0
87 1 0 2 0
88 1 0 2 0
89 1 0 4 0
90 1 0 4 0
91 1 0 4 0
92 1 0 4 0
93 1 0 4 0
94 1 0 4 0
95 1 0 4 0
96 1 0 6 0
97 1 0 6 0
98 1 0 6 0
99 1 0 6 0
100 1 0 6 0
101 1 0 8 0
102 1 0 8 0
103 1 0 8 0
104 1 0 8 0
105 1 0 10 0
106 1 0 10 0
107 1 0 10 0
108 1 0 10 0
109 1 0 10 0
110 1 0 10 0
111 1 0 12 0
112 1 0 12 0
113 1 0 12 0
114 1 0 12 0
115 1 0 12 0
116 1 0 14 0
117 1 0 14 0
118 1 0 14 0
119 1 0 14 0
120 1 0 16 0
121 1 0 16 0
122 1 0 16 0
123 1 0 16 0
124 1 0 16 0
125 1 0 16 0
126 1 0 16 0
127 1 0 16 0
128 1 0 16 0
129 1 0 16 0
130 1 0 16 0
131 1 0 16 0
132 1 0 16 0
133 1 0 16 0
134 1 0 16 0
135 1 0 16 0
136 1 0 16 0
137 1 0 16 0
138 1 0 16 0
139 1 0 18 0
140 1 0 18 0
141 1 0 18 0
142 1 0 18 0
143 1 0 18 0
144 1 0 18 0
145 1 0 18 0
146 1 0 18 0
147 1 0 18 0
148 1 0 18 0
149 1 0 20 0
150 1 0 20 0
151 1 0 20 0
152 1 0 20 0
153 1 0 20 0
154 1 0 20 0
155 1 0 20 0
156 1 0 20 0
157 1 0 20 0
158 1 0 20 0
159 1 0 20 0
160 1 0 20 0
161 1 0 20 0
162 1 0 20 0
163 1 0 20 0
164 1 0 20 0
165 1 0 20 0
166 1 0 20 0
167 1 0 20 0
168 1 0 20 0
169 1 0 20 0
170 1 0 20 0
171 1 0 20 0
172 1 0 20 0
173 1 0 20 0
174 1 0 20 0
175 1 0 20 0
176 1 0 20 0
177 1 0 20 0
178 1 0 20 0
179 1 0 20 0
180 1 0 20 0
181 1 0 20 0
182 1 0 20 0
183 1 0 20 0
184 1 0 20 0
185 1 0 20 0
186 1 0 20 0
187 1 0 20 0
188 1 0 20 0
189 2 0 18 0
190 2 0 18 0
191 2 0 18 0
192 2 0 18 0
193 2 0 18 0
194 2 0 18 0
195 2 0 18 0
196 2 0 18 0
197 2 0 18 0
198 2 0 18 0
199 2 0 18 0
200 2 0 18 0
201 2 0 18 0
202 2 0 18 0
203 2 0 18 0
204 2 0 18 0
205 2 0 18 0
206 2 0 18 0
207 2 0 18 0
208 2 0 18 0
209 2 0 18 0
210 2 0 18 0
211 2 0 18 0
212 2 0 18 0
213 2 0 18 0
214 2 0 18 0
215 2 0 18 0
216 2 0 18 0
217 2 0 18 0
218 2 0 18 0
219 2 0 18 0
220 2 0 18 0
221 2 0 18 0
222 2 0 18 0
223 2 0 18 0
224 2 0 18 0
225 2 0 18 0
226 2 0 18 0
227 2 0 18 0
228 2 0 18 0
229 2 0 18 0
230 2 0 18 0
231 2 0 18 0
232 2 0 18 0
233 2 0 18 0
234 2 0 18 0
235 2 0 18 0
236 2 0 18 0
237 2 0 18 0
238 2 0 18 0
239 2 0 18 0
240 2 0 18 0
241 2 0 18 0
242 2 0 18 0
243 2 0 18 0
244 2 0 18 0
245 2 0 18 0
246 2 0 18 0
247 2 0 18 0
248 2 0 18 0
249 2 0 18 0
250 2 0 18 0
251 2 0 18 0
252 2 0 18 0
253 2 0 18 0
254 2 0 18 0
255 2 0 18 0
256 2 0 18 0
257 2 0 18 0
258 2 0 18 0
259 2 0 18 0
260 2 0 18 0
261 2 0 18 0
262 2 0 18 0
263 2 0 18 0
264 2 0 18 0
265 2 0 18 0
266 2 0 18 0
267 2 0 18 0
268 2 0 18 0
269 2 0 18 0
270 2 0 18 0
271 2 0 18 0
272 2 0 18 0
273 2 0 18 0
274 2 0 18 0
275 2 0 18 0
276 2 0 18 0
277 2 0 18 0
278 2 0 18 0
279 2 0 18 0
280 2 0 18 0
281 2 0 18 0
282 2 0 18 0
283 2 0 18 0
284 2 0 18 0
285 2 0 18 0
286 2 0 18 0
287 2 0 18 0
288 2 0 18 0
289 2 0 18 0
290 2 0 18 0
291 2 0 18 0
292 2 0 18 0
293 2 0 18 0
294 2 0 18 0
295 2 0 18 0
296 2 0 18 0
297 2 0 18 0
298 1 0 20 0
299 1 0 20 0
300 1 0 22 0
301 1 0 24 0
302 1 0 26 0
303 1 0 28 0
304 1 0 30 0
305 1 0 32 0
306 1 0 34 0
307 1 0 36 0
308 1 0 38 0
309 1 0 40 0
310 1 0 42 0
311 1 0 44 0
312 1 0 46 0
313 1 0 48 0
314 1 0 50 0
315 1 0 50 0
316 1 0 50 0
317 1 0 50 0
318 1 0 50 0
319 1 0 50 0
320 1 0 50 0
321 1 0 50 0
322 1 0 50 0
323 1 0 50 0
324 1 0 50 0
325 1 0 50 0
326 1 0 50 0
327 1 0 50 0
328 1 0 50 0
329 1 0 50 0
330 1 0 50 0
331 1 0 50 0
332 1 0 50 0
333 1 0 50 0
334 1 0 50 0
335 1 0 50 0
336 1 0 50 0
337 1 0 50 0
338 1 0 50 0
339 1 0 50 0
340 1 0 50 0
341 1 0 50 0
342 1 0 50 0
343 1 0 50 0
344 1 0 50 0
345 1 0 50 0
346 1 0 50 0
347 1 0 50 0
348 1 0 50 0
349 1 0 50 0
350 1 0 50 0
351 1 0 50 0
352 1 0 50 0
353 1 0 50 0
354 1 0 50 0
355 2 0 48 0
356 2 0 48 0
357 2 0 48 0
358 2 0 48 0
359 2 0 48 0
360 2 0 48 0
361 2 0 48 0
362 2 0 48 0
363 2 0 48 0
364 2 0 46 0
365 2 0 46 0
366 2 0 44 0
367 2 0 44 0
368 2 0 44 0
369 2 0 42 0
370 2 0 40 0
371 2 0 40 0
372 2 0 40 0
373 2 0 38 0
374 2 0 38 0
375 2 0 36 0
376 2 0 36 0
377 2 0 34 0
378 2 0 34 0
379 2 0 32 0
380 2 0 32 0
381 2 0 30 0
382 2 0 30 0
383 2 0 30 0
384 2 0 28 0
385 2 0 28 0
386 2 0 28 0
387 2 0 28 0
388 2 0 28 0
389 2 0 28 0
390 2 0 28 0
391 2 0 28 0
392 2 0 28 0
393 2 0 28 0
394 2 0 28 0
395 2 0 28 0
396 2 0 28 0
397 2 0 28 0
398 2 0 28 0
399 2 0 28 0
400 2 0 28 0
401 2 0 28 0
402 2 0 28 0
403 2 0 28 0
404 2 0 28 0
405 2 0 28 0
406 2 0 28 0
407 2 0 28 0
408 2 0 28 0
409 2 0 28 0
410 2 0 28 0
411 2 0 28 0
412 2 0 28 0
413 2 0 28 0
414 2 0 28 0
415 2 0 28 0
416 2 0 28 0
417 2 0 28 0
418 2 0 28 0
419 2 0 28 0
420 2 0 28 0
421 2 0 28 0
422 2 0 28 0
423 2 0 28 0
424 2 0 28 0
425 2 0 28 0
426 2 0 28 0
427 2 0 28 0
428 2 0 28 0
429 2 0 28 0
430 2 0 28 0
431 2 0 28 0
432 2 0 28 0
433 2 0 28 0
434 2 0 28 0
435 2 0 28 0
436 2 0 28 0
437 2 0 28 0
438 2 0 28 0
439 2 0 28 0
440 2 0 28 0
441 2 0 28 0
442 2 0 28 0
443 2 0 28 0
444 2 0 28 0
445 2 0 26 0
446 2 0 24 0
447 2 0 22 0
448 2 0 20 0
449 2 0 18 0
450 2 0 16 0
451 2 0 14 0
452 2 0 12 0
453 2 0 10 0
454 2 0 8 0
455 2 0 6 0
456 2 0 4 0
457 2 0 4 0
458 2 0 4 0
459 2 0 4 0
460 2 0 4 0
461 2 0 4 0
462 2 0 4 0
463 2 0 4 0
464 2 0 4 0
465 2 0 4 0
466 2 0 4 0
467 2 0 4 0
468 2 0 4 0
469 2 0 4 0
470 2 0 4 0
471 2 0 4 0
472 2 0 4 0
473 2 0 4 0
474 2 0 4 0
475 2 0 4 0
476 2 0 4 0
477 2 0 4 0
478 2 0 4 0
479 2 0 4 0
480 2 0 4 0
481 2 0 4 0
482 2 0 4 0
483 2 0 4 0
484 2 0 4 0
485 2 0 4 0
486 2 0 4 0
487 2 0 4 0
488 1 0 6 0
489 1 0 8 0
490 1 0 8 0
491 1 0 10 0
492 1 0 12 0
493 1 0 12 0
494 1 0 14 0
495 1 0 14 0
496 1 0 14 0
497 1 0 16 0
498 1 0 16 0
499 1 0 18 0
500 1 0 20 0
501 1 0 22 0
502 1 0 22 0
503 1 0 22 0
504 1 0 22 0
505 1 0 22 0
506 1 0 22 0
507 1 0 24 0
508 1 0 24 0
509 1 0 26 0
510 1 0 26 0
511 1 0 26 0
512 1 0 28 0
513 1 0 28 0
514 1 2 28 1.13197e-72
515 1 2 28 2.26393e-72
516 1 2 28 2.26393e-72
517 1 2 28 2.26393e-72
518 1 2 28 2.26393e-72
519 1 2 28 3.3959e-72
520 1 2 28 3.3959e-72
521 1 2 28 4.52787e-72
522 1 2 28 4.52787e-72
523 1 2 28 4.52787e-72
524 1 2 28 4.52787e-72
525 1 2 28 4.52787e-72
526 1 2 28 4.52787e-72
527 1 2 28 5.65983e-72
528 1 2 28 5.65983e-72
529 1 2 28 5.65983e-72
530 1 2 28 5.65983e-72
531 1 2 28 5.65983e-72
532 1 2 28 5.65983e-72
533 1 2 28 5.65983e-72
534 1 2 28 6.7918e-72
535 1 2 28 6.7918e-72
536 1 2 28 6.7918e-72
537 1 2 28 6.7918e-72
538 1 2 28 6.7918e-72
539 1 2 28 6.7918e-72
540 1 2 28 6.7918e-72
541 1 2 28 6.7918e-72
542 1 2 28 7.92377e-72
543 1 2 28 7.92377e-72
544 1 2 28 7.92377e-72
545 1 2 28 7.92377e-72
546 1 2 28 7.92377e-72
547 1 2 28 7.92377e-72
548 1 2 28 9.05573e-72
549 1 2 28 9.05573e-72
550 1 2 28 9.05573e-72
551 1 2 28 1.01877e-71
552 1 2 28 1.01877e-71
553 1 2 28 1.01877e-71
554 1 2 28 1.01877e-71
555 1 2 28 1.13197e-71
556 1 2 28 1.13197e-71
557 1 2 28 1.13197e-71
558 1 2 28 1.13197e-71
559 1 2 28 1.13197e-71
560 1 2 28 1.13197e-71
561 1 2 28 1.13197e-71
562 1 2 28 1.13197e-71
563 1 2 28 1.13197e-71
564 1 2 28 1.13197e-71
565 1 2 28 1.13197e-71
566 1 2 28 1.13197e-71
567 1 2 28 1.13197e-71
568 1 2 28 1.13197e-71
569 1 2 28 1.24516e-71
570 1 2 28 1.24516e-71
571 1 2 28 1.24516e-71
572 1 2 28 1.24516e-71
573 1 2 28 1.24516e-71
574 1 2 28 1.24516e-71
575 1 2 28 1.24516e-71
576 1 2 28 1.35836e-71
577 1 2 28 1.35836e-71
578 1 2 28 1.35836e-71
579 1 2 28 1.47156e-71
580 1 2 28 1.47156e-71
581 1 2 28 1.58475e-71
582 1 2 28 1.58475e-71
583 1 2 28 1.58475e-71
584 1 2 28 1.69795e-71
585 1 2 28 1.69795e-71
586 1 2 28 1.69795e-71
587 1 2 28 1.69795e-71
588 1 2 28 1.69795e-71
589 1 2 28 1.69795e-71
590 1 2 28 1.69795e-71
591 1 2 28 1.81115e-71
592 1 2 28 1.81115e-71
593 1 2 28 1.81115e-71
594 1 2 28 1.81115e-71
595 1 2 28 1.81115e-71
596 1 2 28 1.81115e-71
597 1 2 28 1.92434e-71
598 1 2 28 1.92434e-71
599 1 2 28 1.92434e-71
600 1 2 28 1.92434e-71
601 1 2 28 1.92434e-71
602 1 2 28 2.03754e-71
603 1 2 28 2.03754e-71
604 1 2 28 2.03754e-71
605 1 2 28 2.03754e-71
606 1 2 28 2.03754e-71
607 1 2 28 2.03754e-71
608 1 2 28 2.15074e-71
609 1 2 28 2.15074e-71
610 1 2 28 2.15074e-71
611 1 2 28 2.26393e-71
612 1 2 28 2.26393e-71
613 1 2 28 2.26393e-71
614 1 2 28 2.26393e-71
615 1 2 28 2.37713e-71
616 1 2 28 2.37713e-71
617 1 2 28 2.37713e-71
618 1 2 28 2.37713e-71
619 1 2 28 2.49033e-71
620 1 2 28 2.49033e-71
621 1 2 28 2.49033e-71
622 1 2 28 2.49033e-71
623 1 2 28 2.60352e-71
624 1 2 28 2.60352e-71
625 1 2 28 2.60352e-71
626 1 2 28 2.71672e-71
627 1 2 28 2.71672e-71
628 1 2 28 2.71672e-71
629 1 2 28 2.82992e-71
630 1 2 28 2.82992e-71
631 1 2 28 2.82992e-71
632 1 2 28 2.82992e-71
633 1 2 28 2.94311e-71
634 1 2 28 2.94311e-71
635 1 2 28 2.94311e-71
636 1 2 28 2.94311e-71
637 1 2 28 3.05631e-71
638 1 2 28 3.05631e-71
639 1 2 28 3.05631e-71
640 1 2 28 3.16951e-71
641 1 2 28 3.16951e-71
642 1 2 28 3.16951e-71
643 1 2 28 3.2827e-71
644 1 2 28 3.2827e-71
645 1 2 28 3.2827e-71
646 1 2 28 3.2827e-71
647 1 2 28 3.3959e-71
648 1 2 28 3.3959e-71
649 1 2 28 3.3959e-71
650 1 2 28 3.3959e-71
651 1 2 28 3.5091e-71
652 1 2 28 3.5091e-71
653 1 2 28 3.62229e-71
654 1 2 28 3.62229e-71
655 1 2 28 3.62229e-71
656 1 2 28 3.62229e-71
657 1 2 28 3.73549e-71
658 1 2 28 3.73549e-71
659 1 2 28 3.73549e-71
660 1 2 28 3.84869e-71
661 1 2 28 3.84869e-71
662 1 2 28 3.84869e-71
663 1 2 28 3.96188e-71
664 1 2 28 3.96188e-71
665 1 2 28 3.96188e-71
666 1 2 28 3.96188e-71
667 1 2 28 4.07508e-71
668 1 2 28 4.07508e-71
669 1 2 28 4.18828e-71
670 1 2 28 4.18828e-71
671 1 2 28 4.18828e-71
672 1 2 28 4.18828e-71
673 1 2 28 4.18828e-71
674 1 2 28 4.30147e-71
675 1 2 28 4.30147e-71
676 1 2 28 4.30147e-71
677 1 2 28 4.30147e-71
678 1 2 28 4.30147e-71
679 1 2 28 4.41467e-71
680 1 2 28 4.41467e-71
681 1 2 28 4.41467e-71
682 1 2 28 4.52787e-71
683 1 2 28 4.52787e-71
684 1 2 28 4.64106e-71
685 1 2 28 4.64106e-71
686 1 2 28 4.64106e-71
687 1 2 28 4.75426e-71
688 1 2 28 4.75426e-71
689 1 2 28 4.75426e-71
690 1 2 28 4.75426e-71
691 1 2 28 4.86746e-71
692 1 2 28 4.86746e-71
693 1 2 28 4.98065e-71
694 1 2 28 5.09385e-71
695 1 2 28 5.09385e-71
696 1 2 28 5.09385e-71
697 1 2 28 5.20705e-71
698 1 2 28 5.20705e-71
699 1 2 28 5.20705e-71
700 1 2 28 5.20705e-71
701 1 2 28 5.32024e-71
702 1 2 28 5.32024e-71
703 1 2 28 5.32024e-71
704 1 2 28 5.43344e-71
705 1 2 28 5.43344e-71
706 1 2 28 5.43344e-71
707 1 2 28 5.43344e-71
708 1 2 28 5.54664e-71
709 1 2 28 5.54664e-71
710 1 2 28 5.65983e-71
711 1 2 28 5.65983e-71
712 1 2 28 5.77303e-71
713 1 2 28 5.77303e-71
714 1 2 28 5.77303e-71
715 1 2 28 5.77303e-71
716 1 2 28 5.77303e-71
717 1 2 28 5.88623e-71
718 1 2 28 5.88623e-71
719 1 2 28 5.88623e-71
720 1 2 28 5.99942e-71
721 1 2 28 5.99942e-71
722 1 2 28 5.99942e-71
723 1 2 28 5.99942e-71
724 2 2 26 5.99942e-71
725 2 2 26 6.11262e-71
726 2 2 24 6.11262e-71
727 2 2 22 6.11262e-71
728 2 2 20 6.11262e-71
729 2 2 20 6.11262e-71
730 2 2 20 6.11262e-71
731 2 2 20 6.11262e-71
732 2 2 18 6.11262e-71
733 2 2 18 6.11262e-71
734 2 2 18 6.11262e-71
735 2 2 16 6.11262e-71
736 2 2 16 6.11262e-71
737 2 2 16 6.11262e-71
738 2 2 16 6.11262e-71
739 2 2 14 6.11262e-71
740 2 2 14 6.11262e-71
741 2 2 14 6.11262e-71
742 2 2 14 6.11262e-71
743 2 2 14 6.11262e-71
744 2 2 12 6.11262e-71
745 2 2 12 6.11262e-71
746 2 2 12 6.11262e-71
747 2 2 12 6.11262e-71
748 2 2 12 6.11262e-71
749 2 2 12 6.11262e-71
750 2 2 12 6.11262e-71
751 2 2 10 6.11262e-71
752 2 2 10 6.11262e-71
753 2 2 10 6.11262e-71
754 2 2 10 6.11262e-71
755 2 2 10 6.11262e-71
756 2 2 10 6.11262e-71
757 2 2 10 6.11262e-71
758 2 2 10 6.11262e-71
759 2 2 10 6.11262e-71
760 2 2 10 6.11262e-71
761 2 2 10 6.11262e-71
762 2 2 10 6.11262e-71
763 2 2 10 6.11262e-71
764 2 2 10 6.11262e-71
765 2 2 10 6.11262e-71
766 2 2 10 6.11262e-71
767 2 2 10 6.11262e-71
768 2 2 10 6.11262e-71
769 2 2 10 6.11262e-71
770 2 2 10 6.11262e-71
771 2 2 10 6.11262e-71
772 2 2 10 6.11262e-71
773 2 2 10 6.11262e-71
774 2 2 10 6.11262e-71
775 2 2 10 6.11262e-71
776 2 2 10 6.11262e-71
777 2 2 10 6.11262e-71
778 2 2 10 6.11262e-71
779 2 2 10 6.11262e-71
780 2 2 10 6.11262e-71
781 2 2 10 6.11262e-71
782 2 2 10 6.11262e-71
783 2 2 10 6.11262e-71
784 2 2 10 6.11262e-71
785 2 2 10 6.11262e-71
786 2 2 10 6.11262e-71
787 1 2 12 6.11262e-71
788 1 2 14 6.11262e-71
789 1 2 16 6.11262e-71
790 1 2 18 6.11262e-71
791 1 2 18 6.11262e-71
792 1 2 18 6.11262e-71
793 1 2 18 6.11262e-71
794 1 2 18 6.11262e-71
795 1 2 18 6.11262e-71
796 1 2 20 6.11262e-71
797 1 2 20 6.11262e-71
798 1 2 22 6.11262e-71
799 1 2 24 6.11262e-71
800 1 2 26 6.11262e-71
801 1 2 28 6.11262e-71
802 1 2 28 6.11262e-71
803 1 2 28 5.99942e-71
804 1 2 28 5.99942e-71
805 1 2 28 5.99942e-71
806 1 2 28 5.99942e-71
807 1 2 28 5.99942e-71
808 1 2 28 5.99942e-71
809 1 2 28 5.99942e-71
810 1 2 28 5.99942e-71
811 1 2 28 5.99942e-71
812 1 2 28 5.88623e-71
813 1 2 28 5.88623e-71
814 1 2 28 5.88623e-71
815 1 2 28 5.88623e-71
816 1 2 28 5.88623e-71
817 1 2 28 5.88623e-71
818 1 2 28 5.88623e-71
819 1 2 28 5.88623e-71
820 1 2 28 5.88623e-71
821 1 2 28 5.88623e-71
822 1 2 28 5.88623e-71
823 1 2 28 5.88623e-71
824 1 2 28 5.88623e-71
825 1 2 28 5.88623e-71
826 1 2 28 5.88623e-71
827 1 2 28 5.88623e-71
828 1 2 28 5.88623e-71
829 1 2 28 5.88623e-71
830 1 2 28 5.77303e-71
831 1 2 28 5.77303e-71
832 1 2 28 5.77303e-71
833 1 2 28 5.77303e-71
834 1 2 28 5.77303e-71
835 1 2 28 5.77303e-71
836 1 2 28 5.77303e-71
837 1 2 28 5.77303e-71
838 1 2 28 5.77303e-71
839 1 2 28 5.65983e-71
840 1 2 28 5.65983e-71
841 1 2 28 5.65983e-71
842 1 2 28 5.65983e-71
843 1 2 28 5.65983e-71
844 1 2 28 5.65983e-71
845 1 2 28 5.65983e-71
846 1 2 28 5.54664e-71
847 1 2 28 5.54664e-71
848 1 2 28 5.54664e-71
849 1 2 28 5.54664e-71
850 1 2 28 5.54664e-71
851 1 2 28 5.54664e-71
852 1 2 28 5.43344e-71
853 1 2 28 5.43344e-71
854 1 2 28 5.43344e-71
855 1 2 28 5.43344e-71
856 1 2 28 5.43344e-71
857 1 2 28 5.43344e-71
858 1 2 28 5.32024e-71
859 1 2 28 5.32024e-71
860 1 2 28 5.20705e-71
861 1 2 28 5.09385e-71
862 1 2 28 5.09385e-71
863 1 2 28 5.09385e-71
864 1 2 28 4.98065e-71
865 1 2 28 4.98065e-71
866 1 2 28 4.98065e-71
867 1 2 28 4.98065e-71
868 1 2 28 4.86746e-71
869 1 2 28 4.86746e-71
870 1 2 28 4.86746e-71
871 1 2 28 4.75426e-71
872 1 2 28 4.75426e-71
873 1 2 28 4.75426e-71
874 1 2 28 4.64106e-71
875 1 2 28 4.64106e-71
876 1 2 28 4.64106e-71
877 1 2 28 4.52787e-71
878 1 2 28 4.52787e-71
879 1 2 28 4.52787e-71
880 1 2 28 4.41467e-71
881 1 2 28 4.41467e-71
882 1 2 28 4.41467e-71
883 1 2 28 4.41467e-71
884 1 2 28 4.30147e-71
885 1 2 28 4.30147e-71
886 1 2 28 4.18828e-71
887 1 2 28 4.18828e-71
888 1 2 28 4.07508e-71
889 1 2 28 4.07508e-71
890 1 2 28 4.07508e-71
891 1 2 28 3.96188e-71
892 1 2 28 3.96188e-71
893 1 2 28 3.96188e-71
894 1 2 28 3.84869e-71
895 1 2 28 3.84869e-71
896 1 2 28 3.84869e-71
897 1 2 28 3.73549e-71
898 1 2 28 3.73549e-71
899 1 2 28 3.73549e-71
900 1 2 28 3.73549e-71
901 1 2 28 3.62229e-71
902 1 2 28 3.62229e-71
903 1 2 28 3.5091e-71
904 1 2 28 3.5091e-71
905 1 2 28 3.3959e-71
906 1 2 28 3.3959e-71
907 1 2 28 3.2827e-71
908 1 2 28 3.2827e-71
909 1 2 28 3.16951e-71
910 1 2 28 3.16951e-71
911 1 2 28 3.05631e-71
912 1 2 28 3.05631e-71
913 1 2 28 3.05631e-71
914 1 2 28 3.05631e-71
915 1 2 28 3.05631e-71
916 1 2 28 3.05631e-71
917 1 2 28 2.94311e-71
918 1 2 28 2.94311e-71
919 1 2 28 2.82992e-71
920 1 2 28 2.82992e-71
921 1 2 28 2.82992e-71
922 1 2 28 2.71672e-71
923 1 2 28 2.71672e-71
924 1 2 28 2.71672e-71
925 1 2 28 2.71672e-71
926 1 2 28 2.60352e-71
927 1 2 28 2.60352e-71
928 1 2 28 2.49033e-71
929 1 2 28 2.49033e-71
930 1 2 28 2.49033e-71
931 1 2 28 2.49033e-71
932 1 2 28 2.37713e-71
933 1 2 28 2.37713e-71
934 1 2 28 2.26393e-71
935 1 2 28 2.26393e-71
936 1 2 28 2.26393e-71
937 1 2 28 2.15074e-71
938 1 2 28 2.15074e-71
939 1 2 28 2.15074e-71
940 1 2 28 2.03754e-71
941 1 2 28 2.03754e-71
942 1 2 28 2.03754e-71
943 1 2 28 1.92434e-71
944 1 2 28 1.92434e-71
945 1 2 28 1.81115e-71
946 1 2 28 1.81115e-71
947 1 2 28 1.69795e-71
948 1 2 28 1.69795e-71
949 1 2 28 1.69795e-71
950 1 2 28 1.58475e-71
951 1 2 28 1.58475e-71
952 1 2 28 1.58475e-71
953 1 2 28 1.47156e-71
954 1 2 28 1.47156e-71
955 1 2 28 1.47156e-71
956 1 2 28 1.35836e-71
957 1 2 28 1.35836e-71
958 1 2 28 1.35836e-71
959 1 2 28 1.35836e-71
960 1 2 28 1.24516e-71
961 1 2 28 1.24516e-71
962 1 2 28 1.13197e-71
963 1 2 28 1.13197e-71
964 1 2 28 1.13197e-71
965 1 2 28 1.13197e-71
966 1 2 28 1.01877e-71
967 1 2 28 1.01877e-71
968 1 2 28 1.01877e-71
969 1 2 28 9.05573e-72
970 1 2 28 9.05573e-72
971 1 2 28 9.05573e-72
972 1 2 28 9.05573e-72
973 1 2 28 7.92377e-72
974 1 2 28 7.92377e-72
975 1 2 28 7.92377e-72
976 1 2 28 6.7918e-72
977 1 2 28 6.7918e-72
978 1 2 28 6.7918e-72
979 1 2 28 5.65983e-72
980 1 2 28 4.52787e-72
981 1 2 28 3.3959e-72
982 1 2 28 3.3959e-72
983 1 2 28 2.26393e-72
984 1 2 28 1.13197e-72
985 1 0 28 0
986 1 0 28 0
987 2 0 26 0
988 2 0 26 0
989 2 0 26 0
990 2 0 26 0
991 2 0 26 0
992 2 0 24 0
993 2 0 24 0
994 2 0 24 0
995 2 0 24 0
996 2 0 24 0
997 2 0 22 0
998 2 0 22 0
999 2 0 22 0
1000 2 0 22 0
1001 2 0 22 0
1002 2 0 20 0
1003 2 0 20 0
1004 2 0 20 0
1005 2 0 20 0
1006 2 0 18 0
1007 2 0 18 0
1008 2 0 18 0
1009 2 0 18 0
1010 2 0 18 0
1011 2 0 18 0
1012 2 0 16 0
1013 2 0 16 0
1014 2 0 16 0
1015 2 0 16 0
1016 2 0 14 0
1017 2 0 14 0
1018 2 0 14 0
1019 2 0 14 0
1020 2 0 14 0
1021 2 0 14 0
1022 2 0 14 0
1023 2 0 14 0
1024 2 0 14 0
1025 2 0 14 0
1026 2 0 14 0
1027 2 0 14 0
1028 2 0 14 0
1029 2 0 14 0
1030 2 0 14 0
1031 2 0 14 0
1032 2 0 14 0
1033 2 0 14 0
1034 2 0 14 0
1035 2 0 14 0
1036 2 0 14 0
1037 2 0 14 0
1038 2 0 14 0
1039 2 0 14 0
1040 2 0 14 0
1041 2 0 14 0
1042 2 0 14 0
1043 2 0 14 0
1044 2 0 14 0
1045 2 0 14 0
1046 2 0 14 0
1047 2 0 14 0
1048 2 0 14 0
1049 2 2 14 1.13197e-72
1050 2 2 14 1.13197e-72
1051 2 2 14 1.13197e-72
1052 2 2 14 2.26393e-72
1053 2 2 14 2.26393e-72
1054 2 2 14 3.3959e-72
1055 2 2 14 3.3959e-72
1056 2 2 14 3.3959e-72
1057 2 2 14 3.3959e-72
1058 2 2 14 4.52787e-72
1059 2 2 14 4.52787e-72
1060 2 2 14 5.65983e-72
1061 2 2 14 5.65983e-72
1062 2 2 14 5.65983e-72
1063 2 2 14 6.7918e-72
1064 2 2 14 7.92377e-72
1065 2 2 14 9.05573e-72
1066 2 2 14 9.05573e-72
1067 2 2 14 9.05573e-72
1068 2 2 14 1.01877e-71
1069 2 2 14 1.01877e-71
1070 2 2 14 1.13197e-71
1071 2 2 14 1.13197e-71
1072 2 2 14 1.13197e-71
1073 2 2 14 1.24516e-71
1074 2 2 14 1.35836e-71
1075 2 2 14 1.35836e-71
1076 2 2 14 1.35836e-71
1077 2 2 14 1.35836e-71
1078 2 2 14 1.35836e-71
1079 2 2 14 1.47156e-71
1080 2 2 14 1.47156e-71
1081 2 2 14 1.47156e-71
1082 2 2 14 1.58475e-71
1083 2 2 14 1.47156e-71
1084 2 2 14 1.47156e-71
1085 2 2 14 1.47156e-71
1086 2 2 14 1.58475e-71
1087 2 2 14 1.47156e-71
1088 2 2 14 1.58475e-71
1089 2 2 14 1.47156e-71
1090 2 2 14 1.58475e-71
1091 2 2 14 1.47156e-71
1092 2 2 14 1.35836e-71
1093 2 2 14 1.24516e-71
1094 2 2 14 1.13197e-71
1095 2 2 14 1.01877e-71
1096 2 2 14 9.05573e-72
1097 2 2 14 7.92377e-72
1098 2 2 14 6.7918e-72
1099 2 2 14 5.65983e-72
1100 2 2 14 4.52787e-72
1101 2 2 14 4.52787e-72
1102 2 2 14 4.52787e-72
1103 2 2 14 3.3959e-72
1104 2 2 14 3.3959e-72
1105 2 2 14 2.26393e-72
1106 2 2 14 1.13197e-72
1107 2 0 14 0
1108 2 0 14 0
1109 2 0 14 0
1110 2 0 14 0
1111 2 0 14 0
1112 2 0 14 0
1113 2 0 14 0
1114 2 0 14 0
1115 2 0 14 0
1116 2 0 14 0
1117 2 0 14 0
1118 2 0 14 0
1119 2 0 14 0
1120 2 0 14 0
1121 2 0 14 0
1122 2 0 14 0
1123 2 0 14 0
1124 2 0 14 0
1125 2 0 14 0
1126 2 0 14 0
1127 2 0 14 0
1128 2 0 14 0
1129 2 0 14 0
1130 2 0 14 0
1131 2 0 14 0
1132 2 0 14 0
1133 2 0 14 0
1134 2 0 14 0
1135 2 0 14 0
1136 2 0 14 0
1137 2 0 14 0
1138 2 0 14 0
1139 2 0 14 0
1140 2 0 14 0
1141 2 0 14 0
1142 2 0 14 0
1143 2 0 14 0
1144 2 0 14 0
1145 2 0 14 0
1146 2 0 14 0
1147 2 0 14 0
1148 2 0 14 0
1149 2 0 14 0
1150 2 0 14 0
1151 2 0 14 0
1152 2 0 14 0
1153 2 0 14 0
1154 2 0 14 0
1155 2 0 14 0
1156 2 0 14 0
1157 2 0 14 0
1158 2 0 14 0
1159 2 0 14 0
1160 2 0 14 0
1161 2 0 14 0
1162 2 0 14 0
1163 2 0 14 0
1164 2 0 14 0
1165 2 0 14 0
1166 2 0 14 0
1167 2 0 14 0
1168 2 0 14 0
1169 2 0 14 0
1170 2 0 14 0
1171 2 0 14 0
1172 2 0 14 0
1173 2 0 14 0
1174 2 0 14 0
1175 2 0 14 0
1176 2 0 14 0
1177 2 0 14 0
1178 2 0 14 0
1179 2 0 14 0
1180 2 0 14 0
1181 2 0 14 0
1182 2 0 14 0
1183 2 0 14 0
1184 2 0 14 0
1185 2 0 14 0
1186 2 0 14 0
1187 2 0 14 0
1188 2 0 14 0
1189 2 0 14 0
1190 2 0 14 0
1191 2 0 14 0
1192 2 0 14 0
1193 2 0 14 0
1194 2 0 14 0
1195 2 0 14 0
1196 2 0 14 0
1197 2 0 14 0
1198 2 0 14 0
1199 2 0 14 0
1200 2 0 14 0
1201 2 0 14 0
1202 2 0 14 0
1203 2 0 14 0
1204 2 0 14 0
1205 2 0 14 0
1206 2 0 14 0
1207 2 0 14 0
1208 2 0 14 0
1209 2 0 14 0
1210 2 0 14 0
1211 2 0 14 0
1212 2 0 14 0
1213 2 0 14 0
1214 2 0 14 0
1215 2 0 14 0
1216 2 0 14 0
1217 2 0 14 0
1218 2 0 14 0
1219 2 0 14 0
1220 2 0 14 0
1221 2 0 14 0
1222 2 0 14 0
1223 2 0 14 0
1224 2 0 14 0
1225 2 0 14 0
1226 2 0 14 0
1227 2 0 14 0
1228 2 0 14 0
1229 2 0 14 0
1230 2 0 14 0
1231 2 0 14 0
1232 2 0 14 0
1233 2 0 12 0
1234 2 0 12 0
1235 2 0 12 0
1236 2 0 10 0
1237 2 0 10 0
1238 2 0 10 0
1239 2 0 8 0
1240 2 0 8 0
1241 2 0 8 0
1242 2 0 8 0
1243 2 2 8 1.13197e-72
1244 2 2 8 1.13197e-72
1245 2 2 8 1.13197e-72
1246 2 2 8 1.13197e-72
1247 2 2 8 1.13197e-72
1248 2 2 8 1.13197e-72
1249 2 2 8 1.13197e-72
1250 2 2 8 1.13197e-72
1251 2 2 8 1.13197e-72
1252 2 2 8 1.13197e-72
1253 2 2 8 1.13197e-72
